image: /home/nakkwan/map.pgm
resolution: 0.010000
origin: [-2.000000, -1.500000, 0.000000]
negate: 0
occupied_thresh: 0.65
free_thresh: 0.196

